[gd_scene load_steps=8 format=3 uid="uid://bl4dr4v1x55tn"]

[ext_resource type="Script" path="res://Scripts/character.gd" id="1_q0nqc"]
[ext_resource type="PackedScene" uid="uid://cdrgsw27dwmw7" path="res://Female Char exmple.tscn" id="1_xemtm"]

[sub_resource type="BoxShape3D" id="BoxShape3D_irku8"]
size = Vector3(0.303711, 0.663239, 0.327148)

[sub_resource type="BoxShape3D" id="BoxShape3D_hb04s"]

[sub_resource type="BoxMesh" id="BoxMesh_uan82"]

[sub_resource type="BoxShape3D" id="BoxShape3D_hniue"]

[sub_resource type="BoxMesh" id="BoxMesh_e4jsl"]

[node name="InGame" type="Node3D"]

[node name="DirectionalLight3D" type="DirectionalLight3D" parent="."]
transform = Transform3D(1, 0, 0, 0, -0.776245, 0.630432, 0, -0.630432, -0.776245, 0, 14.617, -11.0653)

[node name="Camera3D" type="Camera3D" parent="."]
transform = Transform3D(1, 0, 0, 0, 0.870948, 0.491375, 0, -0.491375, 0.870948, 0, 1.63622, 2.78863)

[node name="Character" type="RigidBody3D" parent="."]
transform = Transform3D(1, 0, 0, 0, 1, 0, 0, 0, 1, 0, 0.320653, 0)
script = ExtResource("1_q0nqc")

[node name="Female Char" parent="Character" instance=ExtResource("1_xemtm")]

[node name="CollisionShape3D" type="CollisionShape3D" parent="Character"]
transform = Transform3D(1, 0, 0, 0, 1, 0, 0, 0, 1, 0.00230241, 0.339941, 0)
shape = SubResource("BoxShape3D_irku8")

[node name="ObjekTest" type="RigidBody3D" parent="."]
transform = Transform3D(0.978907, -0.186286, -0.0839002, 0.204308, 0.892558, 0.401993, 0, -0.410655, 0.911791, 2.8039, 5, 0)

[node name="CollisionShape3D" type="CollisionShape3D" parent="ObjekTest"]
shape = SubResource("BoxShape3D_hb04s")

[node name="MeshInstance3D" type="MeshInstance3D" parent="ObjekTest"]
mesh = SubResource("BoxMesh_uan82")

[node name="Floor" type="StaticBody3D" parent="."]
transform = Transform3D(1, 0, 0, 0, 1, 0, 0, 0, 1, 0, -1, 0)

[node name="CollisionShape3D" type="CollisionShape3D" parent="Floor"]
transform = Transform3D(50, 0, 0, 0, 1, 0, 0, 0, 50, 0, 0, 0)
shape = SubResource("BoxShape3D_hniue")

[node name="MeshInstance3D" type="MeshInstance3D" parent="Floor"]
transform = Transform3D(50, 0, 0, 0, 1, 0, 0, 0, 50, 0, 0, 0)
mesh = SubResource("BoxMesh_e4jsl")

[node name="MeshInstance3D" type="MeshInstance3D" parent="."]
